x <- 10:20 

y <- x + 2

z <- y * 3

answer <- (z-6) / 3
